0.05707754755839463
0.07242193116615621
0.08797141908973871
0.10414717784841135
0.12024441217400615
0.13535268251348104
0.1515790219137867
0.16843825716879304
0.18477847583018264
0.20008364447809995
0.21523022561775013
0.230811672664031
0.24591478258481
0.26119267755650416
0.27619544448751976
0.2922805396228756
0.30795899591388876
0.3250279345171648
0.34025032549121753
0.35621560954922526
0.37217690179970897
0.3877123162042262
0.4018350525924361
0.4168077871975122
0.43112625349702705
0.4455094740404333
0.46004898175038944
0.47391300647324563
0.4869947016516376
0.501441437026233
0.5147122397709908
0.5275309001898787
0.5400498518494489
0.5536864751987326
0.5663918091623004
0.5787545980108699
0.5889962766199021
0.6002031060336456
0.6110417637563557
0.6217521202610525
0.6328820193788296
0.6441030655369326
0.6549499433605438
0.6652840777945292
0.6750663565622369
0.6848895820091108
0.6941389836937533
0.7039437881626598
0.7125352463748533
0.720814933694193
0.7297524656538039
0.7382765200776363
0.7464819276083169
0.7541382055769308
0.7614610174706676
0.7687714839257636
0.7758719242384483
0.7831670343579382
0.7901056901833325
0.7969042014803037
0.8032451702960174
0.8097676630284102
0.8160896263252791
0.8218539889219473
0.8280123265283745
0.8340563816422831
0.8392744798379356
0.8441314632497734
0.8493909745277233
0.8546679320797993
0.8597483970913607
0.8643902730262171
0.8692646324938827
0.8739278019113441
0.8782337710282554
0.8825092960581954
0.8864340578809028
0.8904578199344729
0.894011065856227
0.8974077462861073
0.901033961271624
0.904543684282379
0.9077258343944583
0.9111933372495753
0.9143522471824752
0.9173239179269863
0.9200704478697345
0.9230752092348894
0.9258354158722671
0.9283177786682637
0.9307621662206301
0.9332234759808087
0.9356364279777812
0.9379596825524023
0.9402534310634726
0.9425743843884445
0.944586826164519
0.9466795717377711
0.9485634773712621
0.9505278721977892
